3262
10
1664
3931
1991
7777
385
3912
5521
5579
1654
4093
5164
2412
7003
5232
965
7765
4832
-1
3038
4819
6135
4870
6400
2460
4147
3727
5411
2893
7264
6615
4000
3292
4145
2722
882
7989
3208
5493
-1
5127
6835
6795
2865
2021
7129
6883
3121
6908
-1
-1
2377
-1
6526
779
696
1944
7960
682
1256
6261
1086
4512
575
-1
2923
260
88
2915
1368
5843
4667
2049
8082
8038
5177
5176
7539
-1
4543
183
1632
4895
7972
6317
7960
6271
4988
4048
7315
2308
1571
-1
2707
736
1136
655
5208
2915
1145
4724
4325
6241
6321
4602
6544
5251
-1
4620
3973
717
5045
-1
190
2056
7370
2224
2870
1694
111
2011
250
7046
3450
1323
5469
4164
3162
516
7298
6648
298
1942
7779
5792
7162
8027
3506
8035
5417
2107
7174
185
4538
4597
-1
5412
4900
1998
5308
1013
1092
639
7583
3914
4586
3622
-1
4440
1861
2671
7210
-1
7110
6307
1984
1391
3857
7915
4209
143
3707
3487
1443
3291
2931
5110
2053
3218
1403
5977
7658
6835
1480
1450
5766
6893
2554
569
4688
3532
-1
3690
-1
7749
3980
2478
-1
6027
6131
-1
3797
1992
4520
5657
1503
-1
1238
833
2915
5866
7608
8165
714
5523
7829
1389
2460
6065
4620
813
6703
5073
2462
6854
5681
3539
4243
7145
7134
862
5201
2598
5023
967
3437
2915
5878
3040
2829
3039
-1
312
4066
4899
212
7685
1868
1154
4525
3745
6423
1556
5346
3496
464
1341
1676
7430
4623
3516
5869
7473
4038
2842
6971
-1
5254
470
4089
2443
-1
7702
6191
4908
5164
2257
3840
3425
3359
1794
-1
7656
1816
-1
3899
7350
203
8159
2320
6269
185
119
719
3128
3037
6636
-1
1293
3676
5910
2349
5853
353
2606
8067
-1
3232
521
47
5427
-1
4702
3300
6293
3228
3668
7949
618
6067
4514
3944
2495
5788
4412
-1
2370
6544
1840
5984
4939
7436
5577
4934
829
4931
1074
2639
7500
4684
2261
6661
-1
5189
-1
1035
625
1890
6996
7947
-1
4166
2521
2746
6790
1411
6390
6234
3460
7564
6398
6592
3728
1121
4772
1021
248
4018
588
7336
7842
7162
816
637
5407
1622
6035
7057
4460
3891
3266
5973
4486
5066
5033
5491
5818
3085
7760
1840
289
5688
-1
144
1190
588
5461
5997
3398
7362
6314
7863
7086
4101
3194
641
679
2124
889
6177
302
2943
759
1584
3472
1355
2252
-1
1214
5544
504
6808
3751
6452
448
1211
2525
1656
5476
4730
5039
7445
3771
4885
2829
1802
6107
7214
679
4538
4769
175
-1
3726
2038
6863
3693
2951
1863
2529
3409
1064
345
1982
3066
6618
1070
-1
4217
7644
4993
5691
6343
2163
5658
999
2963
3023
242
211
5624
3656
745
2965
980
8083
4139
-1
4221
6658
6835
2512
1508
347
1056
4979
2257
4417
4949
7246
-1
7239
969
6913
3557
4161
4239
2082
5196
6323
4529
7977
870
5453
4009
357
6314
8037
6835
2099
1146
7833
-1
7556
5853
1544
5054
5967
177
7759
5387
2046
6943
-1
4890
4995
2595
2944
-1
4066
5893
1319
5433
7145
6609
8113
6398
4329
4401
3455
3525
477
5528
-1
-1
-1
4846
855
1916
3121
6763
3003
2124
1667
220
2331
2416
5176
278
2869
512
747
635
3840
2445
6293
-1
3431
3760
2496
1316
3248
4727
6909
1447
530
2094
2402
434
6612
1374
135
1196
2755
1314
5640
5890
6987
6142
3342
4287
506
4552
5173
3833
717
2789
5988
3246
5886
2853
1748
4154
7027
4873
7881
2700
6528
2551
8077
3061
5832
3091
3459
3872
5757
4801
6974
7350
1079
8039
4074
6558
2102
2617
1648
2545
1607
7706
5069
7431
1728
-1
3417
7206
7216
5910
6040
6767
7401
4113
1799
4450
1244
8058
6830
4295
4240
6876
5386
-1
7243
7715
3421
3586
5366
2780
2462
3903
7616
5399
1718
2004
3382
6265
339
432
4847
6897
6667
6931
7696
2852
-1
4858
899
5630
4106
-1
1644
2835
5399
5648
6766
1632
1637
5205
5209
2952
4968
2227
1133
-1
-1
5735
4329
7324
2458
7153
6632
957
1450
4929
1635
3447
1199
7448
7783
1006
4910
7751
-1
4990
522
8116
1425
7915
1233
2482
7351
6571
7803
1434
3792
1240
83
5998
-1
3038
4779
2225
-1
4629
3858
343
-1
7203
3957
967
4921
4169
-1
6398
2516
4036
6189
1457
5441
1189
2270
5066
7127
1454
1848
5606
695
4074
1251
6288
7724
6199
745
-1
3855
1685
6201
3566
976
4531
3224
3973
3096
-1
3982
1600
4657
5803
5079
695
3004
2641
354
5048
5676
5078
4691
2392
1510
3108
7358
7509
5244
404
7646
5859
2507
5282
3163
1702
1979
5382
4992
5618
8069
4016
593
-1
6533
-1
4537
2723
4081
7659
8082
-1
1724
4941
1768
4464
-1
4927
5811
1802
8168
3116
-1
958
2368
4527
3557
3151
2571
4093
6412
681
7218
6859
6765
1947
8119
3385
5251
3349
61
2561
2227
3331
3160
4101
-1
6520
6044
7583
7234
5883
6315
6310
7905
7977
2265
7701
7105
7292
5243
6542
-1
7581
3257
7266
6161
1102
5544
1071
1690
6772
3292
861
5618
6458
4372
4050
4964
-1
33
3031
5043
2658
3586
-1
1160
1100
6221
2582
1335
302
4209
7782
1177
3214
1879
3951
1052
342
2057
556
4899
2245
2641
-1
1294
2279
4895
5120
1200
1646
896
6172
766
2220
414
3491
5439
3385
6153
2518
2885
470
3172
2505
1093
6986
5802
537
723
410
4055
4440
59
6595
1972
7685
5615
3034
2885
5296
-1
1454
4024
7763
1590
4730
556
8009
2729
2758
4147
3738
7539
6074
805
4261
6329
8043
4160
7225
-1
1640
1532
4914
3053
1739
6823
6953
45
7877
6727
6038
5256
7484
391
3000
2634
7981
1268
7600
458
5795
3349
-1
7190
1174
5940
6117
1649
4357
4150
2006
1246
983
1545
7656
3868
5949
6235
5832
7441
3559
7502
2164
4321
1750
7506
7134
5758
926
4032
4685
3720
6909
1066
922
3475
7496
1382
55
7150
7880
4639
6732
6144
-1
6509
6252
7033
988
5231
8053
5646
-1
1017
7685
871
3808
5081
1732
1371
8168
2289
7196
6192
2112
5774
5953
4013
5374
3580
7300
228
4709
1951
1036
1421
3203
4927
6106
4033
-1
4635
4663
353
4114
2437
2759
843
5246
302
3527
7208
-1
2197
3854
5628
1995
6855
1019
5086
2289
3683
4181
6730
6846
4661
5906
1136
1517
3039
7480
3462
6672
421
6259
4006
3481
-1
3358
937
-1
1761
-1
4468
471
7842
1284
6718
1010
7064
2447
-1
2355
7819
2456
7209
2887
7272
7939
5177
7538
3007
1924
3636
322
-1
4301
312
3772
1112
7225
-1
5455
5411
-1
4829
117
472
-1
5508
-1
5890
181
290
8082
5900
922
25
5466
1646
2691
7340
4040
7646
2789
1692
1523
1239
5329
3930
2418
6984
7658
-1
155
6772
4060
3094
1998
3075
2124
5850
4378
6975
4331
7246
4524
3884
6711
-1
5200
2341
2270
4434
7509
5200
4748
2213
867
4720
4558
4074
3776
1424
7485
484
3586
-1
-1
7911
4325
2012
1568
3209
1367
2703
1757
4754
1728
3640
2773
2919
1079
3144
4769
3541
3809
4950
6769
3290
6882
4809
2700
773
1518
1402
4738
7651
6612
1439
7454
4463
4000
6070
741
917
4429
-1
4594
6258
2771
6112
267
599
2532
3846
1161
2541
4200
4384
8149
1754
5730
6549
2383
2495
4051
3529
6150
4808
3772
753
4143
4010
3658
7576
150
5856
322
7440
7062
7790
1794
3584
2769
5276
5370
-1
4835
2878
3549
4586
545
-1
2557
225
3019
7117
3750
7464
654
4689
3089
6919
3758
2712
3118
3842
4975
1005
5308
1095
5573
1455
3104
7035
2105
4036
5363
1667
2237
6056
823
4002
7672
5278
4572
8069
6657
-1
-1
4481
3968
4754
3756
3742
4172
7145
4117
1220
7312
-1
1654
-1
3816
6418
479
1819
7651
7786
4464
6562
6905
135
113
1846
2049
-1
2567
7548
5872
3953
3491
2747
3278
2185
5046
1931
6578
3521
5491
883
6325
4311
2428
391
3575
1828
2275
2447
6106
4181
8168
2390
5846
2024
3188
1616
1119
6879
29
3029
3848
823
3588
6250
2945
5460
2255
1012
1552
1622
5479
3238
5807
6605
6995
5282
3708
7833
-1
4238
6683
5824
7997
5173
2942
6436
6744
7665
4172
817
3309
5290
1005
2674
6735
2851
6368
-1
6713
2631
485
1040
1948
3531
5648
451
6087
240
6532
500
4214
6252
1736
319
6478
1194
1515
1614
1521
6698
42
1445
1656
3831
339
2878
3571
5960
7238
5693
3857
6656
4397
1005
4292
3584
368
5215
3441
-1
189
5672
5806
7715
6077
7046
6131
6252
7181
3363
7354
7121
3469
1384
7468
2843
2938
6619
8108
2903
4454
3907
3523
7928
6773
549
2670
330
4878
1625
476
6732
768
1554
4082
6813
7357
1975
6852
2462
2143
6566
3984
2065
6120
1800
3820
2402
7046
7733
3442
2220
3739
4855
939
1736
1088
5032
5722
657
7394
6348
5112
1185
7805
-1
2674
6983
3948
761
752
5696
3335
3026
4992
2404
4562
4683
2450
4790
249
8069
8075
2146
6074
5386
4715
-1
-1
3624
5413
2991
3120
3603
2119
1656
410
3854
4445
1073
1210
2768
1498
3071
5511
2643
6534
7216
427
2131
765
6251
4132
7993
1782
2442
1791
6520
40
659
5157
5721
313
3088
4378
1401
4087
4976
2478
2849
4608
24
3533
6635
525
4641
1254
1147
2861
2987
2193
3456
6896
857
5263
2461
5222
6663
5
1138
2947
3
2458
7334
6851
965
4615
4458
5806
233
6855
4628
196
19
62
3640
7948
3166
4181
8003
4430
1108
7590
5609
6081
6316
-1
810
3170
4522
3644
7019
1776
2792
3509
3049
2355
3408
2482
549
5354
3321
-1
29
7797
5290
521
2376
181
8131
210
1166
7283
522
741
891
3555
4412
1467
7445
4777
1429
7342
7419
3620
211
982
5413
3942
6126
-1
7206
1301
4830
1578
5229
5105
5367
1199
666
3932
-1
-1
5824
43
3218
7405
1656
32
1976
2982
2996
5667
3965
-1
6461
1644
7446
2356
5384
4934
254
3287
-1
6972
1050
4015
1868
2076
34
7676
2067
-1
4020
4471
5339
2974
6329
1108
6223
3154
7359
4499
3656
7917
5762
4603
3068
5515
6934
667
7578
7250
461
-1
2753
6462
6909
3592
-1
7442
1772
7915
277
7967
5089
4626
3964
7128
7077
462
3868
2323
3734
3260
-1
3748
6409
7878
2061
6408
969
-1
5086
3684
3345
4085
4237
464
2912
5362
2488
1850
172
1519
6554
7911
-1
1415
-1
5736
5071
6852
6116
5646
513
3840
5791
6586
4591
4062
5186
5418
6058
1654
1558
5675
4071
2722
1529
7391
7570
1254
1966
-1
4771
2743
5790
1978
193
3516
3226
847
-1
274
6538
1740
5056
2471
4002
7913
-1
1590
1820
4256
739
5318
2909
-1
6791
5244
320
7859
4046
2295
4843
7107
1136
7563
-1
3223
4251
3064
272
6753
5469
7829
3026
7429
6390
3942
-1
2781
5436
4869
-1
7150
8136
2398
1932
4310
1032
-1
5624
2837
1550
6484
686
434
7873
631
5296
-1
4815
3326
593
4064
3219
-1
1712
2858
6142
793
5494
6877
4019
1013
-1
3837
5449
3388
2571
3914
4412
7236
3514
375
1163
4414
5682
3751
4531
4518
2225
7791
6406
970
3392
520
7875
-1
-1
1284
4956
6348
689
4895
-1
1822
2360
5495
149
5546
4937
331
7841
324
7903
1725
5113
1674
991
367
1443
6553
98
5182
2302
6102
7714
7936
278
8055
2495
5294
4941
3022
6944
-1
1002
801
7614
7701
3417
5235
2705
7810
785
6374
1167
8006
8167
2651
2436
5688
8135
7846
2689
5386
545
1566
3683
6295
6887
119
2220
2526
3614
1003
2849
6283
3985
3292
3729
1323
5173
2286
6217
6906
5646
4184
5960
2687
5534
-1
2243
7174
3862
4983
3085
3098
420
6001
7970
5906
468
7751
2835
8104
4252
5049
4778
2620
357
7906
4858
5400
4364
2544
3994
4323
3886
-1
1818
4686
3387
2221
4027
7318
-1
3184
1207
5578
7181
-1
6446
7991
8050
7115
-1
2804
1906
2933
6032
2765
1515
5042
6679
1314
7003
1550
6684
221
317
347
2784
4978
3371
1675
4523
5848
-1
7708
897
3117
6950
3764
769
4517
3695
7859
6225
3398
2651
285
1686
-1
2171
-1
3409
4941
1398
4162
-1
939
6760
5362
5
6418
2448
5693
7557
1572
360
1365
60
3433
612
3396
7362
7854
2741
2792
214
3483
5833
5253
6387
1691
6052
745
8027
571
1685
6422
1834
3495
7604
233
6485
4642
5383
5757
4095
3827
3290
1483
2598
1799
952
3460
7578
7568
4360
-1
1041
964
4745
5299
1855
6864
1340
2544
7776
7685
-1
-1
2380
4823
7034
6878
7859
2784
244
3697
6472
1157
287
4267
6618
-1
2776
3343
4206
3811
-1
4877
6006
7973
1590
2199
-1
-1
-1
-1
1548
659
5332
2002
1935
16
741
1554
8028
2215
5204
5906
3509
4212
5572
5633
6067
2705
3527
5977
6273
7135
937
3045
1519
-1
5942
8101
570
8029
1376
5232
6131
7234
4969
5595
3836
6410
6513
2741
-1
1897
4190
2877
7376
1258
7289
2271
3821
2639
7689
7010
2810
-1
1347
4871
8109
2221
6672
7522
378
2514
4446
7388
3537
6209
6235
887
2733
-1
3012
5615
3988
8033
5587
2107
1351
2072
703
7936
5078
2906
2243
6259
4627
7169
275
2822
7032
6437
6803
4554
6264
-1
5341
6807
5262
6191
3254
2536
3387
4307
5259
2011
2747
5161
3310
4196
1323
7043
7205
4121
-1
4119
2002
3182
4402
7967
4179
4837
98
4681
8015
6147
1899
3330
5456
2623
4185
7124
3477
2285
5429
5657
4159
8033
1287
818
7884
1150
7759
5276
1127
-1
7017
5724
6098
-1
7204
4668
-1
7999
3658
3644
4721
3439
-1
264
883
7326
3692
8080
6808
6905
6895
2963
6070
4735
-1
1120
7325
3889
5890
7733
6151
3976
33
4497
6657
4238
5673
7390
4486
2546
4500
5455
7135
6809
768
5788
-1
5555
1561
2295
1898
-1
832
5642
4455
508
2369
5304
1401
1115
2915
997
4913
1636
3001
3734
-1
5427
-1
5036
3958
6719
7357
7994
4528
4640
-1
-1
468
522
5639
6852
5164
7634
3017
7997
3168
1005
7312
-1
5043
192
933
6634
6114
2340
7502
7282
6520
7497
4861
5752
6189
5077
7006
1746
2793
5296
8047
2730
7272
-1
7698
3651
3542
4653
7709
5825
-1
-1
6199
6663
4240
3563
5087
1098
6188
1774
1955
4945
2127
5601
1124
-1
1989
2523
3089
4412
7121
1770
6521
1407
6727
6221
1242
699
4765
2856
2618
1458
6354
-1
6980
3041
2261
7919
4081
6004
5857
2721
2295
1449
-1
1265
6896
4892
7640
920
6066
7354
6346
-1
2831
7838
921
4393
6982
4875
5748
3372
5098
2895
7312
4099
5339
4597
5951
781
942
2008
8077
6564
735
3780
2996
-1
4217
7112
5592
3453
2827
1679
5663
1982
3349
4861
4166
583
285
6984
2865
3174
1710
7926
7194
3928
875
4019
6387
4402
5841
854
5160
540
5925
3160
5603
5335
3290
529
4076
1100
5754
7981
1155
7944
3385
3034
6205
4895
6920
4249
1495
4261
7655
5586
4957
3382
98
5176
3751
5464
6731
7827
745
-1
1356
5196
3539
4945
3488
1503
5750
3134
3059
673
5345
7571
4291
-1
1547
7005
302
5473
1702
867
7260
5496
4474
591
-1
3351
5513
6927
1941
1982
3627
4701
5511
7939
3758
1128
7362
3088
5146
7905
-1
1532
1066
8016
5572
1295
3719
235
-1
7246
2492
7012
-1
2727
6500
2657
7606
2627
4732
7498
5404
492
2304
8060
4083
5276
1355
2618
5650
2010
5178
459
2146
7775
2333
2425
6114
2769
4364
-1
-1
3272
1369
228
6157
2500
2992
3419
2051
344
1572
6442
-1
7673
459
3608
-1
8088
-1
3525
5347
430
6532
2604
826
-1
6853
2810
7878
1019
3763
7681
1208
954
7624
-1
-1
7839
669
7172
5056
8121
4639
5415
6612
3248
1613
3676
7880
-1
3718
7619
4087
3100
44
4901
5369
-1
1894
7622
1071
432
6285
1642
4456
7960
4101
3523
3325
2016
8041
3908
476
3148
6999
6075
4811
6444
5882
7454
4562
769
5866
-1
7589
540
3234
6034
923
5799
4871
5552
3944
4861
7558
6325
2548
6437
4341
5507
2528
166
5087
6984
2829
-1
7250
1496
-1
1957
1670
2285
4301
1884
6878
3529
6167
5989
2082
5931
4713
8032
3790
669
-1
7153
797
7300
3751
7615
2558
6461
152
5946
2562
1146
-1
5430
1348
-1
1301
2728
4361
1347
-1
2571
7790
705
316
2376
4053
-1
7678
5507
4787
6913
875
4370
5615
3573
-1
4290
6722
7093
1513
8114
5405
7408
1044
3543
1685
7002
389
1816
3061
941
6667
845
3224
4846
3211
3751
6305
3481
-1
3931
804
2292
2248
4444
7967
5094
3928
561
2099
7065
6127
2454
563
-1
2352
6903
3425
4109
3469
6003
2516
1056
2890
2785
1561
3603
7614
3910
-1
6339
2768
693
2365
2856
8136
85
6149
2460
7890
-1
694
3756
5181
1770
1365
-1
6289
124
5089
563
1986
1317
5406
2446
6645
7080
7695
3524
3646
4361
1338
931
6498
3210
8075
1138
3149
4194
426
2925
5667
2549
8142
1836
63
7138
6651
1841
9
510
6902
3311
2563
726
2501
6120
2799
6112
956
1343
512
3176
7799
-1
3442
6421
5148
790
2135
5990
4642
7172
5551
5270
6907
386
3587
1958
6264
2094
1612
1652
4402
1334
3375
4260
1640
3545
4504
6564
3481
5338
6131
4053
386
3638
7893
7086
5164
7218
6127
6532
5360
3973
6268
443
3379
1057
5108
8077
3136
4376
3976
6112
8097
-1
7023
3979
-1
3754
1054
6689
731
5889
6517
4443
4550
378
4740
7224
1399
1306
502
7406
3924
3750
4045
1318
535
4574
1155
6532
2777
3691
6764
-1
274
5106
7853
4301
4282
470
1157
6663
1128
4158
4026
2107
2456
5127
2849
1433
3375
5436
3220
7841
6764
6394
3384
5710
7318
2803
1361
1608
3946
3211
7869
-1
6110
5099
4200
6154
6552
646
3532
4720
5686
2163
4402
4480
-1
7829
2436
2446
3334
2392
767
5129
7988
5958
4058
4105
459
4785
1017
3616
4909
3361
2074
1142
3116
-1
3026
4894
1021
3017
8036
4468
2889
5925
7871
1013
-1
3122
5279
4735
5770
4625
2380
2964
5760
1664
207
-1
7218
8003
3706
70
3041
7327
7546
7521
1764
2057
7899
7673
5317
3712
7234
7343
2833
7354
3638
7171
1692
2651
1836
6869
3527
163
6942
1636
695
1349
6984
3832
1558
2016
5505
4917
2598
2589
4074
1453
3918
385
4985
1836
689
167
-1
7850
4261
-1
2925
6594
7857
-1
4671
588
6307
5862
7256
-1
6902
753
524
6661
4376
3729
1919
-1
6598
4062
4256
4475
7609
5163
1455
5620
6250
2982
2248
5244
7482
6706
3218
7634
1809
7707
647
7358
7871
1620
5751
3924
5158
2972
5989
6272
1515
1654
3758
7854
3078
7975
7761
-1
2289
1060
2115
7414
3405
7245
1778
1688
3944
-1
5436
7452
1607
4841
3230
855
3342
-1
7257
5201
468
4484
6482
4191
4657
6113
4779
1846
6323
5427
593
1152
7853
7082
4679
3363
347
5825
6150
2721
8065
4575
1287
3724
763
5906
4058
-1
5738
-1
5996
70
6373
-1
4819
494
-1
5290
4633
3059
1715
-1
2289
5748
1341
4400
5660
7614
-1
5658
2548
1514
531
1240
6283
3326
7801
-1
4358
6548
1204
7841
45
2038
-1
4891
6058
2855
5937
-1
2082
1813
59
719
4456
3108
5582
7676
1955
5658
7112
4841
1822
3914
1136
1812
3478
1509
7767
1132
851
5890
4438
-1
7767
3023
2387
4207
5720
3688
6695
5766
3115
5312
1058
298
556
449
-1
2242
6500
5176
5757
1636
7336
980
2086
-1
5110
3991
5728
3684
3857
6658
3296
4723
2769
2942
3100
3904
105
6419
1391
2202
1351
5328
-1
2204
5099
6954
376
5423
2695
1331
7737
5172
4229
477
4295
5482
6653
830
6473
4990
6008
1534
1301
1365
3990
3624
6120
3743
5272
1569
2936
3579
7007
5726
7348
1613
2047
3676
4609
5241
7426
-1
2815
2735
73
-1
2753
5523
5046
8055
4928
3729
7487
1327
1217
5872
-1
150
2801
6177
654
6988
6024
6448
4709
227
5716
4633
272
6632
7342
7136
8117
7468
215
447
7218
4991
137
372
5136
2573
7669
6448
7763
667
5551
1386
4971
2875
3499
396
3200
1868
7923
141
6500
4919
1088
7962
432
943
-1
983
1734
7441
7985
2059
3159
3545
1054
5688
1169
3128
1365
-1
-1
4243
6882
7815
4109
2490
1407
2399
6476
4873
6777
1509
666
4816
708
4685
4040
1614
2250
6239
6522
4519
4941
-1
2336
2201
5677
1474
6319
5910
1877
7805
6204
6590
7744
4607
1317
4862
6225
7157
3108
4949
6223
1534
4089
3551
7098
3
2213
2246
2595
-1
3474
1239
4256
3304
420
1140
1323
1161
1446
1010
3514
4870
-1
6689
386
7614
2591
2700
7995
5813
4753
7088
6473
2871
7759
8041
7719
4040
1232
2129
5399
4683
5533
1282
5946
7190
5756
4235
7494
5591
4381
3115
1131
2075
3732
3063
2055
3680
723
203
3527
7462
1813
986
5057
5812
-1
6513
6719
6950
5268
-1
6628
5286
5262
5247
2061
7823
941
1316
4797
5663
2339
3665
6614
4749
2723
5399
6612
4259
1587
3337
6948
122
5042
1801
2267
4263
2047
5796
5833
7963
-1
3114
3
7180
865
6534
-1
502
2644
5866
2919
7634
737
4655
4782
8060
5278
2795
6658
6861
5104
4745
4361
1736
29
541
7270
2465
8093
5043
3559
5101
21
1344
1038
2133
6977
3732
599
6295
1986
1726
5027
6209
4225
3694
2297
2184
6576
70
-1
5073
1110
203
7506
4602
7457
5764
1646
3483
5721
3442
-1
7725
1992
2936
4686
2492
97
6396
-1
5174
-1
55
-1
2613
577
3469
6858
5373
7214
3982
2891
6130
4151
2464
6433
867
4192
7706
6204
2158
3204
1440
3660
6297
1989
790
3772
-1
4207
1850
-1
6744
7791
6110
2328
-1
6514
2410
3553
1152
7238
1882
3316
472
-1
1347
4293
3900
6049
2556
4532
4014
95
1103
4686
4958
119
5011
6738
-1
2113
436
1362
338
3246
6165
919
6281
-1
4481
6650
5380
7008
251
3268
7504
7008
877
3040
6828
810
-1
7747
5014
1081
4144
7495
6698
6915
4114
5601
7641
2501
-1
1593
8091
4955
5492
3477
2377
4753
1242
4368
5079
3294
3910
7170
529
5743
7680
7707
7296
7429
6684
5448
3433
3481
5694
832
6915
4109
1284
6429
6520
4201
1763
-1
7032
7794
-1
407
-1
1333
7526
7846
2565
2674
470
1517
2326
5825
5606
7462
3826
819
-1
5932
6723
8053
4371
4069
5908
8128
72
7709
6574
3584
6547
4502
6988
7621
4963
-1
2057
177
1196
7530
1160
461
6703
6319
2115
432
1668
-1
263
7715
426
5218
2297
4083
6243
1061
8025
6690
4408
443
2015
-1
3316
6386
5335
2297
4129
1466
5694
2700
6457
1380
1866
165
3284
1427
1357
2030
583
1389
4533
7854
791
6196
343
-1
7526
3491
4193
5025
237
7242
1534
2526
2144
6532
5490
1123
3209
1914
3304
7012
4362
1073
7045
-1
16
364
4901
7314
3545
2061
6936
5862
344
29
3465
2732
6245
1225
1992
7309
2392
6091
4041
7612
-1
875
177
4629
3387
6637
7756
203
1254
91
2532
543
2249
3294
43
4414
5399
4780
7701
6038
7510
7454
-1
2119
1119
3957
294
2711
6396
75
-1
4659
8126
3682
6305
4256
-1
755
-1
7853
6496
2010
2209
1924
5196
1207
-1
5836
1347
3734
3074
2139
6739
2573
2018
3182
7222
2387
2047
2966
2745
6370
8021
1770
6279
-1
4099
2677
6409
2650
3704
3210
5300
6744
5828
1010
2520
6627
4084
1254
7005
-1
340
5764
8006
4212
4439
7814
1247
2631
3872
6173
1170
4143
7185
4597
7300
252
2063
8133
4211
2398
5318
-1
492
4661
2821
1716
954
2104
3835
4752
987
3508
4973
3748
7656
5772
3375
2125
2357
6911
6595
363
4354
4763
1005
2277
6569
4554
1355
6392
4352
4900
4661
3966
3426
3369
3511
3001
6113
2426
4133
2045
3581
6457
372
7452
1274
4082
7957
1936
3873
7307
7254
6410
2923
417
2005
5
3457
-1
4116
6823
2565
358
7646
-1
4958
3719
3381
7179
5358
7899
4157
3712
2203
2310
2542
3293
4238
6064
1032
3128
-1
7868
6847
7703
3232
872
5189
4905
6067
2275
4648
3185
4267
901
6910
4087
2769
6873
2167
5447
7182
1856
1427
3145
6989
-1
7379
5925
731
1678
878
1683
472
3112
3655
6699
8084
4903
4223
1495
2553
1303
6221
2173
340
4577
7210
-1
7167
-1
4201
2856
1060
159
6800
2542
1131
6959
4123
3536
1720
5592
7504
3343
7120
1926
4558
2496
1973
2518
4850
2075
941
6149
5211
-1
7719
856
1136
4526
2889
127
7889
3332
1021
1576
6888
5854
5497
1024
-1
2452
4841
5089
1380
5023
4720
7700
2293
6402
6989
-1
7975
7709
6906
8082
5486
7531
2827
2549
4961
6274
3197
6770
7399
55
5639
7589
4843
4567
4568
1303
5874
5288
4434
7747
1685
6676
7365
1402
729
1145
6480
6807
-1
3841
6357
-1
771
6077
4167
5689
1886
1646
6001
6243
1899
6336
7749
1279
3897
1684
2685
737
7101
7835
7701
6656
7917
7548
829
7621
7440
5615
-1
-1
5978
1063
-1
4570
3545
3357
4768
4376
1746
-1
496
3734
29
3751
1892
2827
4013
3872
4150
4883
7569
-1
6390
1204
2474
1779
1473
2274
6878
7482
89
2953
4066
352
4705
1170
520
124
1477
6944
6863
7673
1389
2278
2619
1232
5337
4682
7006
6435
5310
2064
2875
6844
-1
4608
4261
6881
3216
5145
3082
5407
1765
143
3810
3816
3450
5017
4323
886
272
1088
-1
65
3444
4019
6693
2689
314
2443
6354
2526
849
1954
4461
2755
12
5237
3419
6738
148
-1
4143
4878
4496
823
396
6211
3000
4438
303
6680
4087
649
821
7937
6150
5825
6908
1129
689
7943
7426
2875
1147
2727
2425
6143
1766
4349
7386
7064
-1
3309
7782
727
6601
2981
6633
7113
695
877
1498
5462
7875
-1
137
5132
6532
2862
3920
-1
7949
5197
6044
5866
-1
789
-1
4126
550
484
5336
922
4774
7307
355
2966
1932
3920
1463
6616
8061
7730
3652
1738
5618
4863
6632
6885
7421
1264
2432
2697
1522
7955
5445
-1
4316
7129
4777
1236
8083
5868
3505
983
6423
7997
5382
-1
195
5722
4418
7833
4777
2093
2755
3502
-1
883
7781
-1
6182
4195
2449
148
1287
4309
619
-1
2801
3298
157
1818
1343
7895
4597
2841
-1
5081
304
6993
3287
2412
7929
8166
3924
5696
4985
6663
3836
-1
1014
4774
1439
2657
817
701
-1
6137
5781
-1
215
1455
2792
1400
4985
3772
5850
4202
6283
-1
322
1975
1378
-1
3915
1481
4681
7651
158
5598
171
1421
1393
3559
5299
7669
5367
4264
1603
2926
7707
4798
1268
4552
803
4618
2737
69
882
7673
5591
6787
1926
1170
5150
340
6797
5873
6274
6474
1986
3451
4954
6228
6859
599
6400
7160
2598
2415
-1
970
6061
2644
3436
7847
6846
6538
6516
2391
1467
111
3931
5565
-1
7233
3806
7255
7028
6501
4701
432
3105
6655
6032
6692
1670
828
4069
3822
1926
4659
6798
6087
-1
7002
4157
1496
915
5395
355
5113
3744
4060
5904
1608
175
7874
2271
6712
1421
6448
2771
4259
1363
7661
3337
4259
3879
971
7266
6329
2639
3274
4751
2182
934
6623
717
7945
7107
6353
2936
5184
2181
-1
3670
3744
4071
6309
6501
3041
4619
5099
168
7719
7171
6644
-1
6331
871
5126
187
2354
3742
-1
2355
837
5285
553
2195
-1
-1
8123
6586
6970
375
621
947
1473
5355
6187
1723
7829
7203
6312
8163
6837
7685
5299
6164
7030
1836
1999
1480
4990
4662
6404
6134
7738
5258
2390
3089
774
5393
2038
4301
-1
-1
3837
2957
1006
8167
7043
558
6699
4454
4573
5036
4006
1866
6693
3513
2249
3493
5752
3501
-1
5427
4560
2776
407
983
1417
895
7790
3529
5449
2321
109
6793
1522
6316
3785
5852
4613
1053
7777
-1
5504
6487
7076
2573
285
2646
1866
2267
-1
6777
535
1746
-1
7296
7152
1712
2502
6928
4989
372
2494
742
-1
5170
6575
6616
2819
4132
2601
6988
7454
2188
4525
1315
7770
-1
5395
1790
3142
7489
2117
6233
1788
4348
6577
8133
3300
7967
6727
7815
2157
-1
5073
4554
5004
-1
2492
3930
6719
2155
6502
7308
-1
4916
3712
2775
3403
2202
6600
-1
5415
7241
4484
2815
4466
1431
1606
530
-1
5322
6999
-1
5723
6430
6060
3410
7526
4356
3106
3527
7280
5676
4270
6830
350
5611
6193
7021
5404
5853
7408
7063
4674
4829
818
5127
5696
2237
6035
4389
3910
3798
2691
4500
3559
4625
228
6034
5262
1772
2672
2786
7641
4885
1652
404
4107
4343
599
1216
4841
322
-1
2190
3833
1425
2502
1041
6082
2322
3398
7029
2500
6672
-1
4946
2831
3826
4161
4217
82
1782
787
2552
7330
2034
6885
646
1649
7294
7419
1631
6012
434
1101
-1
2133
3001
1918
133
506
2481
1986
-1
2639
3535
5476
7741
5660
3840
488
587
2644
6618
-1
-1
6226
7780
4162
123
4933
7523
6118
1095
5415
6954
2431
5511
970
6243
4087
5589
6137
1781
5519
376
4050
2938
5611
2355
233
7036
3804
2273
986
6339
3090
3881
482
7087
7292
4633
406
7705
-1
2376
6878
3618
4949
3828
-1
6169
105
5102
4858
6110
6219
185
2565
7506
3715
4575
-1
7497
5304
6255
2017
2175
2905
6929
6873
5146
6042
4119
3798
565
4602
7252
2224
1643
7725
3774
794
2876
882
4121
3057
7403
5260
1770
4341
3926
4812
4204
5145
114
4726
2465
920
6807
3426
1858
3900
2185
1992
1572
312
2745
-1
-1
5789
1076
3091
3891
633
3306
3802
2452
5102
5650
2439
3673
2719
1640
4550
2281
2403
1503
2661
-1
6454
6510
6217
1632
749
1931
2635
5569
8145
4665
7401
6307
3084
2935
1626
3222
7682
4653
1138
-1
8116
4861
3
4635
7597
7276
1658
-1
3774
4280
371
-1
69
3705
-1
3160
7510
5806
7802
7069
4880
777
3068
3213
1915
4361
2449
3146
-1
7408
2012
5878
1208
412
2059
1654
6244
4629
3456
3505
5280
7528
2568
2138
26
7430
6558
4506
2881
5566
3571
2138
2427
6366
4733
3174
5200
1927
6934
5807
7751
7800
6365
3101
4157
3956
2481
1579
6060
6418
3469
5500
2486
2991
3347
7158
2508
6983
6308
1361
1830
6444
-1
7907
-1
1292
6002
6343
-1
-1
2133
3868
5933
3430
-1
8153
2209
5765
5841
3317
7712
3347
1583
4906
4307
1982
1376
51
2106
19
1723
6766
1265
4988
4892
564
2114
7695
6842
7093
397
1163
1190
1471
1890
2125
7406
4238
2835
6605
7067
2786
-1
6713
3714
6526
3962
2559
3977
4243
2868
7721
7548
-1
4830
5157
7001
5719
3862
2246
-1
883
7519
2793
7365
2157
2991
4524
329
2848
5772
1644
5678
6959
73
2351
461
1429
7903
5960
3825
5597
4431
324
6110
4207
2981
5348
-1
2286
4200
1174
1173
4097
677
3323
2782
-1
4190
2474
8151
7336
336
-1
2352
5043
4162
7930
4825
2848
1471
-1
1763
7632
4116
7002
2601
905
-1
63
4941
5206
1487
6847
6426
6040
3053
5144
969
4801
2865
4521
2532
7153
7074
1419
4895
6478
1503
2179
4573
1443
1466
-1
1992
3296
6013
4157
1696
6035
1401
145
2476
2762
1737
3643
3938
112
3691
5682
1142
48
6036
-1
4829
4843
5749
5813
1712
5213
3955
6663
2997
1398
3881
-1
4815
2162
4399
322
4395
3692
2169
7631
6034
6459
-1
4290
6581
7674
7474
1822
5121
3078
7708
-1
4763
1885
5836
1774
6261
7476
6575
3290
-1
2410
5771
7855
5418
2899
97
6048
3066
5563
533
4665
4517
8101
7642
4992
-1
643
3132
1593
434
1243
8114
-1
1086
5660
1951
642
4174
6218
4267
7787
-1
4819
3705
6709
7410
404
6343
7428
5609
3921
4838
400
-1
3648
7714
1169
6631
7174
2360
4281
-1
6498
6384
2425
1338
2213
7263
5444
4255
5263
7836
1786
1972
828
7382
7835
6193
5111
6237
3072
1001
3145
7906
3940
1248
2983
4004
3355
1854
1875
3826
416
5680
6793
997
1636
5484
4490
7790
2197
3007
6787
4564
-1
1483
-1
5286
1515
3310
-1
270
365
-1
6215
3310
715
6353
-1
6444
-1
6090
3208
5070
1570
3242
1120
4910
7810
6349
4671
5457
3701
2029
3792
6311
648
4905
8137
316
3688
1586
7089
1294
3182
639
993
7685
5120
1412
6956
6685
2927
6512
1628
5880
7797
3230
8116
-1
6600
1343
4881
149
7715
3006
3933
4849
1569
4784
3365
894
760
5116
847
6773
-1
2552
-1
3842
6831
4566
1192
4577
2852
5531
-1
7459
2273
5772
4939
718
1619
7650
4949
3521
1804
6717
4109
815
3597
4558
327
516
1628
4117
2936
6234
1808
5061
1742
749
2893
4841
2577
3831
6068
1534
1391
4410
3970
-1
4237
4383
2653
4304
2950
4273
-1
7234
2583
8020
721
3031
630
5460
7431
7991
3035
1955
7869
2746
8020
2956
1920
1802
9
6913
3334
7410
-1
7445
823
4036
2783
4640
5210
1443
5643
2393
4432
3854
7608
3870
-1
6438
2089
7050
4092
6789
3029
3845
2959
-1
1692
-1
4533
273
1173
7783
2023
5817
4651
1590
1088
2728
3848
2239
1593
-1
-1
5572
5637
6098
4971
3454
7655
4031
7352
2202
427
6384
3331
2438
2111
3112
934
4732
5182
4050
7517
1845
6272
4251
3268
5583
5798
1301
801
7839
905
3869
1327
6239
1550
7111
7439
10
1991
7794
7898
5056
3364
-1
4290
-1
3719
1202
7652
3483
-1
5023
3478
1626
3015
2428
7139
2445
6597
3447
8041
5913
5481
7264
5057
7556
-1
1226
4599
6426
4520
1736
1445
6379
6148
5837
2117
1438
3672
5122
3771
5288
6239
496
6695
2966
7583
6317
447
317
5330
7853
2339
2009
7386
416
3481
5430
582
4149
7091
1771
3206
7572
4792
994
7429
6581
879
2474
1335
2179
3751
5337
6858
7857
6825
2604
3780
-1
6356
2161
3511
-1
3133
440
4869
898
306
4725
3573
6862
3456
5982
2221
576
-1
1676
2589
4158
1646
4623
1671
4817
2950
6694
5663
7278
3256
7288
2152
3078
7688
2774
2432
3892
4595
7698
3242
1102
8053
1794
3999
1022
398
-1
2999
86
2846
-1
4993
-1
1791
5353
2897
-1
4917
372
2939
7702
1230
401
1165
5261
456
1272
988
3106
5057
7030
1876
6708
4917
3067
4526
282
5863
3835
6158
4888
1724
3316
7747
254
5826
6272
1772
376
3584
-1
5251
2999
5059
5308
2293
2154
2288
7889
4815
59
7967
1145
3896
3880
2899
661
2436
474
1600
3881
5222
777
4474
3814
3567
5365
1206
5542
5360
6370
6723
4356
6674
4344
581
5144
115
7071
3648
5081
424
4493
8095
2985
-1
6738
5546
1250
6552
7631
6980
2572
6853
6251
4310
6074
7632
2551
-1
1983
8101
286
479
1894
-1
8144
2717
7114
1018
7085
6397
1522
3774
5660
2428
933
2691
5889
576
732
8067
4751
7156
2202
549
3954
322
5874
7163
-1
3146
1492
6564
3332
2659
4993
1894
7705
4158
6798
5141
2563
2141
-1
4650
8020
8097
667
8063
8060
5004
6637
724
6745
3417
4975
5836
5975
5646
1973
2707
5249
2657
1210
7104
1530
1597
2394
6126
2308
6095
2181
697
3510
7435
-1
27
1977
3154
141
-1
6098
5984
5650
2382
191
814
7015
749
719
6557
7308
8015
-1
2030
5898
4394
2784
3402
1695
2201
793
2089
6254
6071
3999
7234
6846
6012
5360
5769
6329
4604
7403
4722
7158
-1
-1
4781
2312
2164
1778
123
3735
290
5729
2042
4779
2474
7180
5159
7067
7652
485
2222
6309
1277
4585
6347
4550
5686
6285
2002
1952
5795
2193
7514
4375
3349
478
5769
1915
7136
5475
6770
1064
5705
1717
4309
4873
-1
3483
5202
3523
534
4018
4557
7378
-1
1775
7887
6761
3158
6492
6397
4327
2289
8161
7586
7814
3683
2651
1112
6571
-1
5564
550
1836
2602
558
-1
4114
7943
-1
3243
5021
7511
888
8063
6647
5320
7083
6759
6307
6511
5608
7092
607
1765
4192
-1
5705
3946
3515
1365
3426
4955
6885
6701
4472
1429
6297
7041
4427
7330
279
6784
4822
97
7258
6938
3613
6774
3127
1550
6562
3459
8137
6147
-1
3970
5866
1794
4295
6442
5332
5658
2971
4547
2691
3100
-1
320
2009
5595
6184
1614
2972
1032
425
-1
4975
3350
4462
6909
-1
6312
1433
2735
865
5445
2104
3682
5149
7075
723
567
3090
3496
3447
3569
1720
3166
6202
2035
7794
6799
5830
7398
-1
3896
5886
-1
3158
1340
5958
8050
6091
4719
5218
378
3296
4231
696
6120
3128
7573
5375
-1
2091
2852
5009
5444
6995
1129
4053
4608
1935
4293
1583
2831
7519
1271
4697
308
3265
5246
1634
3949
7406
2851
993
7989
1686
-1
5075
103
3993
3970
1982
1923
7422
6618
3015
-1
1168
4245
6815
1472
4023
3325
2939
6079
5563
3641
6814
1181
1874
-1
1512
-1
6717
7680
581
1388
6652
4020
7942
5625
921
5723
2684
-1
1297
-1
5182
400
597
296
2691
7357
3429
6001
7652
5922
2913
4729
5310
6280
1574
8077
4604
4684
7478
4366
173
3539
6899
6047
-1
3138
3048
1134
-1
6716
1932
-1
719
3924
4617
2768
6016
3145
4791
3325
654
149
1648
2076
6545
5626
2379
8119
7881
4946
1688
4648
7773
-1
7321
3056
8036
2129
3463
5134
340
5805
7057
8012
6867
3926
1965
7661
5499
526
2887
218
-1
37
4103
7809
7813
3140
4372
2436
7915
7792
1794
3566
5299
3491
7802
300
1429
3296
1481
7814
2524
1162
4774
628
825
7335
6487
-1
6112
6584
6879
1442
3146
3921
7204
3188
3347
-1
-1
7261
1036
2386
2179
7997
8093
2012
417
7364
7298
6780
4353
1011
2221
3787
6481
7266
751
5661
6493
6209
2737
-1
-1
3746
2409
6727
6853
4791
1495
4408
1991
6391
-1
612
4692
7603
6740
8075
1868
2505
522
7308
721
1970
2101
2743
5224
6252
1035
1063
7450
7815
4313
1199
2981
4851
3965
3440
7581
6496
2417
2428
6913
4144
4082
4533
312
560
2518
2469
1264
141
5231
4514
2725
-1
6297
3328
-1
2937
2074
4137
7925
7039
4335
-1
147
4828
6904
4793
823
-1
1568
2532
6177
2451
1086
6763
2616
3735
922
7055
6148
5013
3227
5862
-1
5031
3285
5053
4502
7441
1775
7658
3988
4525
3417
6883
155
4973
2106
7756
7642
1019
6902
6694
586
2558
7183
3630
1631
5972
-1
7143
2959
4196
4261
2769
2177
561
4735
2251
1648
7696
5232
216
5144
3306
3565
3176
4621
4123
958
1580
4580
3535
1474
1074
5267
7992
7575
1295
5036
969
141
7014
2061
2774
605
6106
1598
429
5539
-1
2578
6784
-1
6464
5708
4602
579
5421
2188
5563
3062
642
-1
661
4975
5380
149
6012
5009
2416
3243
997
5530
4997
1710
9
6526
3226
7376
561
3990
5997
7446
4751
6710
553
2732
5630
4295
1423
6454
2225
4843
7799
897
5049
6787
1201
4320
3519
3504
6927
2580
691
2722
3399
2476
5844
3463
412
2030
5936
6426
6660
119
5973
2858
4251
5962
7319
6831
2004
7743
6321
4899
7659
4575
7783
6507
5700
-1
55
5211
-1
3066
2670
7797
5362
901
1623
51
5886
6726
3456
1101
-1
6987
7732
2898
7739
1106
7564
6130
277
3706
3088
6532
6123
2778
2989
212
4280
-1
2739
4106
4406
8165
1965
4826
5718
3840
101
1854
3108
2500
5164
3349
2316
8054
98
3854
3634
7638
5563
7502
1776
2322
128
6047
3976
1252
325
1012
6855
-1
6026
2531
570
-1
3816
2749
2366
2709
6719
3301
-1
7346
927
5527
2987
4418
2255
3797
1108
308
1210
4839
3948
7429
6560
4105
3075
-1
3655
3519
3575
5511
3098
7933
32
438
4195
5978
2328
348
163
352
7011
-1
434
5408
3742
-1
6538
2854
7206
7476
4204
2540
3355
2227
-1
2787
3707
3256
5986
7254
7037
1871
483
4286
4462
6398
5774
8104
6547
-1
3965
6385
424
7717
1081
4160
2434
7575
1126
5075
4889
3131
3509
3262
5105
1590
2221
7470
3435
2875
7269
7961
2124
1515
4374
2985
2328
3023
-1
7029
478
3
6480
6446
1808
4489
244
6188
2016
1748
508
4993
6379
6352
7622
1238
6184
631
1344
4815
1299
3401
7933
3934
7906
735
7797
3524
125
6753
3078
5740
4430
7658
6082
5582
3921
-1
6614
5192
7779
482
6637
6437
1044
3830
4661
2018
1133
1498
7382
3708
2233
2636
5832
5208
7823
5054
1828
7285
3788
3790
192
4358
5620
3165
6416
7769
930
944
2270
-1
7751
1397
213
3611
4595
-1
5681
4267
3790
7093
6042
6336
-1
583
3831
745
2065
4784
7781
7895
425
1889
777
4444
7549
2719
3559
6307
3714
1113
7093
6235
3148
4287
8110
6787
2086
3933
-1
7239
4572
4595
5004
3067
3017
303
1875
3410
303
1698
4229
-1
6413
2431
5288
3840
7805
980
1818
3118
1028
5225
1217
7751
8091
5520
4000
596
7626
6950
267
7715
7889
3474
5806
2669
6819
-1
2741
7771
131
2779
1028
5381
4127
1317
7700
3186
8140
5011
-1
3510
6514
3611
932
1743
7749
-1
5972
1735
5551
1391
1513
2594
7192
3734
1473
6007
3137
2870
3313
8153
4652
7457
7689
909
2481
2700
6819
6084
2282
3527
1606
8009
7445
2723
1513
1616
7079
1748
2876
4830
5050
3181
6841
1678
381
2909
3930
1556
-1
6066
434
4504
2717
3167
3094
1439
5197
2206
7853
7230
5811
125
199
7877
7997
4685
4038
441
3019
350
2709
2057
5938
3318
6727
1395
1068
2482
8156
4939
5006
4968
-1
4801
2837
5928
1914
6261
3874
7853
7544
3910
7160
1850
4517
-1
5000
2016
6032
2675
-1
1573
3088
3425
1166
3284
-1
3749
7474
3277
3439
6695
2915
3575
1723
3204
16
7126
-1
2915
7264
5593
2262
6121
5611
-1
2552
5178
7444
7055
4446
4869
203
2588
1672
-1
4038
365
6053
2092
8155
5836
6157
7904
4889
-1
5427
1499
2659
2328
2943
1388
1510
1240
4674
6233
4050
7325
1262
67
7015
3375
2861
-1
2803
3098
7967
4592
3454
4161
3022
1622
3063
3009
-1
2705
7344
992
1389
1505
2306
6182
7676
-1
7158
6252
4691
3531
1270
2946
5970
6493
7019
3850
6224
3259
7087
3991
6999
837
5983
1550
6515
661
583
3760
761
3096
666
4625
1649
4267
2878
-1
6681
5791
6982
7151
5806
3992
4753
6933
6502
498
2801
4235
5609
3794
-1
919
6112
2398
1928
7496
7566
3651
4227
938
6231
4949
1523
846
2255
5883
128
4925
1949
2942
7288
4873
5946
2739
2906
-1
5346
4543
3651
2771
3541
-1
5952
7236
3200
1946
1445
2512
3126
5906
573
2945
7343
534
2842
7296
6565
2206
5874
205
2859
5950
4716
2127
4123
-1
1875
6649
2241
6807
3425
3968
837
4617
4873
1123
3678
7394
368
-1
5000
-1
8101
835
1972
5995
2599
2032
2997
6876
6720
6307
5236
4333
579
6683
7499
6922
4620
7682
7174
537
2541
5246
-1
3057
4302
-1
256
7294
2684
2271
7006
2102
2114
6488
784
4263
-1
5611
1624
2747
4801
2070
6859
2904
6293
3382
6187
838
233
8143
7351
2140
6261
6160
3944
7706
-1
1228
2073
712
6049
1168
7978
5961
2109
1692
-1
6336
7386
5630
7937
7963
8004
6275
5369
5225
4908
2490
3778
494
7196
1872
-1
3354
4562
5164
6769
4916
6774
1119
5948
4828
3826
591
4244
6594
5110
793
4201
6086
4431
2510
4123
5759
7682
2280
7580
327
7532
4402
1794
30
541
4238
55
2775
539
4737
6278
3771
4971
5646
453
4939
5578
106
4013
7903
3284
4679
6266
5097
-1
4285
1772
6843
4651
-1
2338
1326
130
5732
506
5822
4498
1225
686
4043
1825
7797
5922
1981
4796
5300
893
5149
2663
5622
8018
915
5043
1525
1058
7176
1458
1211
2300
1223
1740
5065
7322
5573
5276
3529
751
6421
6126
1501
5113
3907
7917
927
3535
3850
5537
1442
45
6755
4783
3790
482
917
2040
3469
2129
5013
1017
5922
3698
5320
239
4985
1737
2954
5681
4527
3551
4809
967
7092
7057
4646
5778
-1
815
6736
-1
3669
33
926
5654
7457
3078
6428
7365
23
7351
8030
424
3753
2969
714
965
2091
2396
6868
1313
3276
4680
4408
417
5021
4049
4558
7418
6947
3662
8000
2561
4347
3833
1359
7556
1248
1678
2292
2308
3542
2799
82
3383
2465
3127
6639
6885
5196
7431
1312
3369
7203
591
2312
2294
7153
2717
3017
2713
4144
5993
3824
3499
1042
5031
5694
4823
422
2829
7231
7345
828
-1
2844
5205
6854
8155
-1
5864
2663
133
6339
1450
3899
4627
4148
3371
2038
3417
4466
1796
926
4824
3034
5492
4869
2143
7957
7171
989
1455
5494
3910
5362
5756
494
6300
3413
5482
5177
5234
1538
7646
1163
3872
8124
5756
7853
7839
8017
3511
4510
1717
258
4012
6437
7936
7055
1126
7722
3497
7838
8061
2545
1795
5210
194
8069
5445
3186
3539
425
6103
731
1152
271
2478
1150
3856
3704
1726
5712
7813
6058
4843
6977
-1
4824
1854
3254
7049
-1
7812
3800
135
406
2924
4303
1670
1656
5023
300
6967
1281
4783
4016
7480
2719
1009
-1
451
3690
5926
3059
7890
3914
1623
1348
418
2593
5150
8057
5399
5559
6782
710
6401
1469
2474
1691
4662
7845
4009
3884
5653
6040
3704
2277
4174
5682
1398
578
1447
4519
2546
1483
3527
5545
4060
6207
1752
5735
4375
4094
4481
4971
1649
7933
2968
6361
9
3232
4767
4451
6875
2356
2270
7480
2837
830
7164
1948
7863
48
1099
7236
96
6172
8080
3167
696
5282
5098
7671
6167
6651
3704
2971
7612
5994
7671
336
5495
6074
-1
7275
-1
2123
4905
903
5056
4075
2778
5051
703
6490
7281
6830
3082
4612
3928
7298
4141
3718
4647
890
4293
1097
2235
137
696
5083
-1
3461
-1
3803
1949
6915
6562
85
4026
4876
3539
4903
8079
3632
2555
7410
2403
6760
7106
5325
6878
7462
-1
1176
1814
8126
1015
562
8123
2342
2879
-1
7403
2287
6209
4408
1638
3672
424
7896
1457
7981
6653
4839
3219
3914
6237
4863
6381
6448
4510
1537
800
4876
4127
2977
-1
7275
-1
1870
512
5220
5014
-1
983
292
5858
1826
6074
6166
2616
3921
1498
-1
4078
1552
751
119
2326
7216
2257
4816
7528
5057
634
6209
5990
3223
66
7706
3665
1145
1841
7959
5162
5079
6859
3184
2270
4927
735
-1
3465
7618
6955
7418
7710
4825
6215
4093
1349
2015
-1
7087
3828
487
5718
7099
799
2212
6199
3764
4795
5919
818
654
872
3501
5523
4020
89
7171
7631
4008
1791
961
766
7326
576
-1
4293
1596
6498
70
7307
416
6819
6547
5756
6593
345
2967
3656
-1
3322
-1
1735
2848
2240
2240
2268
3038
6780
2284
4002
2902
7717
1903
2184
4790
2583
958
-1
5231
5038
2099
4984
3521
-1
7678
5845
330
3351
5931
7530
3979
4064
3825
7868
4575
7560
2975
6829
3727
3620
1199
5097
593
302
-1
121
7783
3850
3869
6052
3790
1022
7115
581
5055
-1
1639
2588
6137
6942
1534
-1
3977
6003
5870
2943
3768
8161
7673
2685
267
2245
5906
3801
2291
3241
2197
5986
-1
7250
1886
2418
5073
4870
3154
7550
857
1151
388
332
2362
3429
5690
5310
2843
3846
106
6694
5083
7967
4679
5628
3491
2199
5157
6339
7705
7499
3679
6297
4706
3719
7325
5247
5672
2401
5282
4239
-1
5057
8084
-1
2471
3243
2144
1990
5966
4058
7582
999
813
2106
3608
7354
2328
5464
4046
2664
2725
5898
6949
5914
7008
7192
-1
2967
7913
5240
8105
941
4167
6467
2838
2352
3824
4443
7114
5698
-1
6387
7854
6365
466
6919
1445
7101
7414
5360
6828
1384
4205
3274
245
4184
4141
-1
1329
3993
7599
7941
4500
2357
7787
3981
3274
1477
7670
7458
7307
2737
2563
1768
1597
-1
3512
6709
4715
2989
1604
5720
1168
2781
1866
2996
-1
4774
8156
1776
2657
275
5956
4286
6727
7908
6799
-1
998
7587
3228
817
1832
1608
5156
409
944
7865
6743
6104
4238
5930
3726
5387
4100
7374
1905
6426
8159
7873
3579
945
1690
5520
5612
3365
1433
3274
3734
1347
944
8060
679
2205
-1
2263
2708
-1
1728
3886
270
6381
3999
6380
7924
6095
1108
4364
4426
-1
5819
3105
957
3125
7071
1196
6933
731
6706
3182
7746
1536
10
3701
1264
1670
7131
4301
7901
4364
3472
5172
7640
1190
4393
1050
1327
4667
472
1316
5009
-1
5622
6368
4192
140
7915
6271
1323
-1
1600
4328
-1
2815
2915
7378
3491
4616
2745
3593
1347
2780
4508
5214
793
4951
3078
3433
135
1584
3465
1500
1157
2248
1250
6032
6470
6249
-1
109
3198
5615
5490
5005
453
2360
6675
3015
5575
103
3311
994
6035
3468
4212
5118
493
4798
3194
675
1287
1213
8023
6615
461
1205
6609
3316
1405
5586
5197
2583
3931
1097
3553
7301
7125
1150
8093
246
-1
2119
4943
4787
6771
-1
4352
5240
4410
2428
6739
802
4079
1836
3579
7885
4235
-1
4078
496
7823
2677
-1
2758
6390
101
4834
7945
5329
3502
4877
5351
3684
-1
4524
-1
2352
3559
7604
8165
1086
5748
7601
7633
735
4137
5916
2410
1012
2721
45
7592
-1
4237
6375
2793
6328
-1
1142
3942
-1
861
6568
5629
506
5738
3696
6070
7240
2542
3549
1783
1297
1610
4763
3332
359
1124
4849
4285
5625
5315
2243
2292
964
5486
7780
1013
1897
2822
-1
3809
7093
2563
659
6235
7788
3960
2593
2415
7320
2078
7695
3036
5960
2593
911
7845
3879
5258
719
4231
6273
359
5678
3001
6472
6490
811
5343
5636
4969
4611
2521
2418
6050
2655
5296
92
7395
6025
-1
965
3268
1860
6487
3082
-1
-1
1644
3299
7122
2255
4937
5603
7389
3944
83
7869
1398
1740
7079
3106
7145
3586
4212
5891
2691
6498
-1
474
3765
6885
4943
5598
5110
6532
5912
7277
4803
3826
3013
3964
1876
5069
3878
2809
-1
2662
1236
1662
376
8077
514
1443
-1
-1
6488
7838
2406
3089
1224
4851
4646
4222
100
4767
4227
4171
4694
5338
2553
2749
7491
5131
3488
5425
3891
3573
-1
842
6675
1955
3780
2167
-1
4605
2139
2534
7762
1225
444
1525
-1
4302
7669
3096
-1
6867
7991
8111
1902
6556
5653
3960
241
4976
6010
-1
7973
7863
7638
7638
641
755
-1
4209
875
7621
516
1761
862
4520
7157
2567
5805
5039
3744
5243
2164
3943
5978
1438
2302
6879
1804
7434
5159
1295
7125
1264
3976
2592
-1
-1
6520
6243
6040
1900
3697
7306
-1
2702
7822
4728
-1
4346
2131
7002
6574
6999
5453
4129
2700
7360
5028
727
5638
2450
6887
6274
3057
5851
2671
2915
1862
4531
3469
5628
-1
5027
3292
7241
619
7289
3495
6590
2959
2806
5825
5892
837
804
8038
6795
3135
7580
6417
7857
1603
3703
6349
4248
1281
6082
1333
4008
-1
599
7783
5120
1595
1763
1313
3790
700
4701
4709
-1
6562
-1
4808
4081
1570
1586
-1
4295
8005
1658
4412
1732
6982
515
6913
4381
2969
747
-1
6472
7532
4231
4502
134
7
3491
3904
8017
1666
2162
818
7775
7391
7806
3600
3160
1068
969
2665
3963
-1
3914
4427
878
7308
7037
7785
3933
4121
1695
892
1642
7236
1590
79
3994
2311
4026
6131
959
-1
1051
4631
7382
1271
4599
7284
3027
6857
5148
3417
7305
6541
2431
-1
1455
7721
8045
6451
4376
3907
3529
2624
4807
1518
7184
2460
6708
-1
2017
5959
4751
6505
368
4058
2759
7919
7526
7372
6072
4103
6040
3372
2159
6070
1167
5671
4996
5163
7539
3611
2190
1361
7941
2829
599
300
5427
6971
5708
4608
324
6420
1305
3766
927
1913
6984
5005
3254
3549
1431
493
6349
6098
1546
3304
1751
5154
7002
-1
6397
1600
5535
1074
2787
6050
1176
5261
6857
1091
3011
5787
6488
4054
3914
7057
329
5443
7382
7590
1584
4446
3814
6417
8035
2999
7391
5431
5914
6657
3407
1201
3228
168
5897
7877
1371
3012
5487
7949
620
-1
1886
4461
4827
2606
7336
1041
3576
6275
4701
7090
4793
6680
4956
3221
6472
7857
7582
7874
-1
8105
7301
3491
5756
7669
7999
189
5953
5457
31
190
3833
2282
500
4592
1213
6004
1357
6509
1202
2553
7434
2143
2973
979
1228
1664
1779
-1
4639
108
325
7218
7802
-1
4385
4117
7128
1103
6434
-1
3148
4327
7172
1487
3431
4513
4141
-1
-1
-1
712
5204
-1
391
7556
6110
7352
6216
7222
5880
1403
983
2127
3086
7559
745
7552
1507
3048
7652
2026
4906
-1
3355
4837
5541
1543
6557
4161
8101
231
5360
1586
5189
5038
3461
1078
3049
4703
-1
7426
3436
2119
1127
-1
2380
1545
1921
3440
2889
1950
4323
6274
3608
4689
8119
237
29
4935
5164
7338
4029
3670
4964
1892
8119
875
1798
5660
5807
7375
5934
7401
3050
5339
117
5662
6170
5771
3799
2859
1953
5607
4223
6261
4924
4271
1645
1400
1124
7900
5527
1326
2101
6823
4381
2197
5103
1536
6937
7474
5954
-1
4228
3904
583
1776
5350
3133
4358
-1
6331
6498
182
1388
5652
2496
6165
698
7740
2386
6730
3036
4258
4526
2949
7304
-1
1427
2033
-1
308
6347
4014
3036
2909
5772
-1
296
3209
1711
6684
1012
3129
467
5383
7380
7826
6882
534
6873
1061
6231
5784
2749
5746
7035
7602
5650
4885
4859
5779
3662
396
7590
650
7041
4794
6150
4562
-1
3407
5939
2339
7925
3105
5534
7859
3978
4899
4811
329
1948
869
7341
-1
1970
42
6333
4482
6135
4885
-1
6261
4136
4141
5589
8060
5317
4099
4838
6628
5303
482
867
3795
3988
3798
6071
460
1887
1233
5046
1221
8024
2775
8166
7647
2165
7236
3616
386
3741
5326
3194
3767
3923
3353
1818
6084
-1
372
675
2583
5222
3238
6098
382
1812
2396
1017
7621
2334
8155
6852
1720
6711
267
1894
3959
5863
4275
1941
6956
1003
-1
6803
2386
7357
4095
5643
4813
4985
4106
7238
6385
3724
4862
6293
-1
264
1026
8072
6454
3649
5738
6296
4430
4076
7051
-1
3450
1044
-1
4422
4042
4379
4889
1577
2833
6218
2563
1113
-1
4301
4961
1247
7819
899
2423
749
1443
4837
2293
1343
3986
-1
1532
7189
3576
6599
-1
2447
6577
2017
4536
6092
6032
3318
5098
167
6467
2376
1111
6558
7431
4289
7527
6234
73
6735
4808
1574
760
1942
-1
100
3917
3235
4916
771
2456
4289
7699
8091
2872
3582
6310
5146
6628
4344
6273
3344
5097
3257
3310
3371
1650
806
-1
8096
2152
1453
99
5394
4805
6206
3091
428
1359
6310
5164
1203
2383
1969
3158
3701
1740
6106
1409
711
2038
6740
8016
352
7781
6774
1735
5029
7990
-1
2071
1407
-1
6437
5262
5996
7010
454
923
4577
4665
1254
7136
6827
7023
6529
3256
-1
-1
3394
5147
-1
5057
4999
-1
3836
3444
3246
7174
6147
4515
6852
908
3489
7988
2758
7721
2893
254
2053
346
5395
2067
2775
6990
2856
2703
2815
2357
5917
5718
7700
5050
456
3512
3015
1595
1540
6329
4006
374
7699
5795
3889
5017
3827
875
1954
1952
732
1689
3299
99
190
4978
3499
8093
3106
1479
7616
-1
-1
5360
5144
2544
1977
3502
7448
813
3246
5020
2179
2211
6079
1732
4520
6159
2965
7426
6391
4686
2849
1845
3760
5810
7375
7419
4101
6229
2687
3651
5401
7285
5099
7029
3272
6767
5290
6597
2016
643
3928
7439
7459
370
5716
5250
679
3802